189.929086 210.207381
178.959396 236.315567
177.597260 256.709625
178.703735 279.868164
182.896912 299.154175
192.994217 319.929749
208.984283 338.599152
226.322372 351.735809
245.338608 359.533417
264.425842 355.579041
279.919037 345.942291
293.474457 331.300171
302.159790 313.453308
307.757874 295.877808
311.915527 274.465057
314.682495 255.167313
318.520660 231.703232
209.992569 199.701981
219.586197 196.725418
229.707672 196.773529
239.274734 199.237396
247.886307 204.207748
277.899933 209.485260
286.750061 207.407227
295.040000 208.640000
303.114594 210.481735
309.290710 215.429184
261.796021 221.535614
260.906677 238.292068
260.456055 251.694595
259.819244 266.876099
236.508728 277.770996
245.099106 284.471283
256.023712 286.647430
265.952698 286.425934
273.727081 281.487305
219.527649 222.199631
226.803436 220.616852
236.065063 222.238983
241.126190 228.175964
234.747055 230.831512
224.852600 229.150391
275.708771 233.914154
282.805389 230.262085
291.621552 231.407516
295.734070 234.308670
291.058167 239.531067
281.966980 238.471115
212.549395 315.210449
233.456833 311.505920
242.313599 309.196838
255.372238 309.863739
267.438721 311.311554
274.015564 314.916321
278.006622 319.653320
272.969452 324.218323
264.965088 328.230591
254.412904 336.679664
240.096358 334.081703
226.191003 328.563514
228.942490 314.455505
240.941254 315.251038
253.813354 316.570221
265.966034 317.215820
275.302277 318.615112
265.541168 321.223846
254.322815 321.468475
242.873062 319.339630
